# referense :: http://park11.wakwak.com/~hkn/
#  No. yyyy mm dd rsp etc
     1 1991 11 10 "s"
     2 1991 11 17 "r"
     3 1991 11 24 "r"
     4 1991 12  1 "p"
     5 1991 12  8 "s"
     6 1991 12 15 "r"
     7 1991 12 22 "p"
     8 1991 12 29 "r"
     9 1992  1  5 "s"
    10 1992  1 12 "p"
    11 1992  1 19 "r"
    12 1992  1 26 "s"
    13 1992  2  2 "s"
    14 1992  2  9 "p"
    15 1992  2 16 "r"
    16 1992  2 23 "s"
    17 1992  3  1 "p"
    18 1992  3  8 "r"
    19 1992  3 15 "s"
    20 1992  3 22 "p"
    21 1992  3 29 "r"
    22 1992  4  5 "r"
    23 1992  4 12 "s"
    24 1992  4 19 "p"
    25 1992  4 26 "r"
    26 1992  5  3 "p"
    27 1992  5 10 "s"
    28 1992  5 17 "r"
    29 1992  5 24 "s"
    30 1992  5 31 "p"
    31 1992  6  7 "r"
    32 1992  6 14 "r"
    33 1992  6 21 "p"
    34 1992  6 28 "p"
    35 1992  7  5 "r"
    36 1992  7 12 "s"
    37 1992  7 19 "p"
    38 1992  7 26 "r"
    39 1992  8  2 "s"
    40 1992  8  9 "r"
    41 1992  8 16 "p"
    42 1992  8 23 "p"
    43 1992  8 30 "s"
    44 1992  9  6 "s"
    45 1992  9 13 "r"
    46 1992  9 20 "p"
    47 1992  9 27 "s"
    48 1992 10  4 "r"
    49 1992 10 11 "s"
    50 1992 10 18 "s"
    51 1992 10 25 "p"
    52 1992 11  1 "r"
    53 1992 11  8 "p"
    54 1992 11 15 "p"
    55 1992 11 22 "s"
    56 1992 11 29 "r"
    57 1992 12  6 "p"
    58 1992 12 13 "r"
    59 1992 12 20 "s"
    60 1992 12 27 "r"
    61 1993  1  3 "p"
    62 1993  1 10 "p"
    63 1993  1 17 "r"
    64 1993  1 24 "s"
    65 1993  1 31 "r"
    66 1993  2  7 "s"
    67 1993  2 14 "r"
    68 1993  2 21 "p"
    69 1993  2 28 "r"
    70 1993  3  7 "r"
    71 1993  3 14 "s"
    72 1993  3 21 "p"
    73 1993  3 28 "s"
    74 1993  4  4 "p"
    75 1993  4 11 "p"
    76 1993  4 18 "r"
    77 1993  4 25 "s"
    78 1993  5  2 "r"
    79 1993  5  9 "s"
    80 1993  5 16 "s"
    81 1993  5 23 "p"
    82 1993  5 30 "p"
    83 1993  6  6 "s"
    84 1993  6 13 "r"
    85 1993  6 20 "r"
    86 1993  6 27 "r"
    87 1993  7  4 "r"
    88 1993  7 11 "s"
    89 1993  7 18 "p"
    90 1993  8  1 "r"
    91 1993  8  8 "s"
    92 1993  8 15 "r"
    93 1993  8 22 "p"
    94 1993  8 29 "s"
    95 1993  9  5 "s"
    96 1993  9 12 "p"
    97 1993  9 19 "r"
    98 1993  9 26 "r"
    99 1993 10  3 "s"
   100 1993 10 10 "p"
   101 1993 10 17 "r"
   102 1993 10 24 "r"
   103 1993 10 31 "p"
   104 1993 11  7 "s"
   105 1993 11 14 "s"
   106 1993 11 21 "p"
   107 1993 11 28 "r"
   108 1993 12  5 "p"
   109 1993 12 12 "s"
   110 1993 12 19 "r"
   111 1993 12 26 "r"
   112 1994  1  2 "p"
   113 1994  1  9 "r"
   114 1994  1 16 "s"
   115 1994  1 23 "r"
   116 1994  1 30 "s"
   117 1994  2  6 "p"
   118 1994  2 13 "p"
   119 1994  2 20 "s"
   120 1994  2 27 "r"
   121 1994  3  6 "r"
   122 1994  3 13 "p"
   123 1994  3 20 "p"
   124 1994  3 27 "s"
   125 1994  4  3 "s"
   126 1994  4 10 "p"
   127 1994  4 17 "r"
   128 1994  4 24 "s"
   129 1994  5  1 "r"
   130 1994  5  8 "p"
   131 1994  5 15 "p"
   132 1994  5 22 "s"
   133 1994  5 29 "r"
   134 1994  6  5 "s"
   135 1994  6 12 "p"
   136 1994  6 19 "s"
   137 1994  6 26 "r"
   138 1994  7  3 "p"
   139 1994  7 10 "s"
   140 1994  7 17 "s"
   141 1994  7 31 "p"
   142 1994  8  7 "r"
   143 1994  8 14 "r"
   144 1994  8 21 "s"
   145 1994  8 28 "p"
   146 1994  9  4 "r"
   147 1994  9 11 "p"
   148 1994  9 18 "s"
   149 1994  9 25 "r"
   150 1994 10  2 "r"
   151 1994 10  9 "p"
   152 1994 10 23 "p"
   153 1994 10 30 "s"
   154 1994 11  6 "r"
   155 1994 11 13 "s"
   156 1994 11 20 "p"
   157 1994 11 27 "s"
   158 1994 12  4 "r"
   159 1994 12 11 "p"
   160 1994 12 18 "r"
   161 1994 12 25 "p"
   162 1995  1  8 "s"
   163 1995  1 15 "r"
   164 1995  1 22 "p"
   165 1995  1 29 "r"
   166 1995  2  5 "s"
   167 1995  2 12 "s"
   168 1995  2 19 "p"
   169 1995  2 26 "s"
   170 1995  3  5 "r"
   171 1995  3 12 "p"
   172 1995  3 19 "p"
   173 1995  3 26 "s"
   174 1995  4  2 "r"
   175 1995  4  9 "p"
   176 1995  4 16 "s"
   177 1995  4 23 "r"
   178 1995  4 30 "s"
   179 1995  5  7 "p"
   180 1995  5 14 "p"
   181 1995  5 21 "s"
   182 1995  5 28 "r"
   183 1995  6  4 "r"
   184 1995  6 11 "s"
   185 1995  6 18 "p"
   186 1995  6 25 "s"
   187 1995  7  2 "r"
   188 1995  7  9 "p"
   189 1995  7 16 "p"
   190 1995  7 23 "r"
   191 1995  7 30 "s"
   192 1995  8  6 "s"
   193 1995  8 13 "r"
   194 1995  8 20 "p"
   195 1995  8 27 "s"
   196 1995  9  3 "p"
   197 1995  9 10 "p"
   198 1995  9 17 "r"
   199 1995  9 24 "s"
   200 1995 10  1 "s"
   201 1995 10  8 "p"
   202 1995 10 15 "r"
   203 1995 10 22 "r"
   204 1995 10 29 "p"
   205 1995 11 5  s"
   206 1995 11 12 "p"
   207 1995 11 19 "r"
   208 1995 11 26 "s"
   209 1995 12 3  s"
   210 1995 12 10 "r"
   211 1995 12 17 "p"
   212 1995 12 24 "s"
   213 1995 12 31 "p"
   214 1996  1  7 "s"
   215 1996  1 14 "r"
   216 1996  1 21 "r"
   217 1996  1 28 "p"
   218 1996  2  4 "s"
   219 1996  2 11 "p"
   220 1996  2 18 "p"
   221 1996  2 25 "r"
   222 1996  3  3 "s"
   223 1996  3 10 "s"
   224 1996  3 17 "r"
   225 1996  3 24 "p"
   226 1996  3 31 "r"
   227 1996  4  7 "s"
   228 1996  4 14 "p"
   229 1996  4 21 "p"
   230 1996  4 28 "s"
   231 1996  5  5 "r"
   232 1996  5 12 "r"
   233 1996  5 19 "s"
   234 1996  5 26 "p"
   235 1996  6  2 "s"
   236 1996  6 9  "p"
   237 1996  6 16 "r"
   238 1996  6 23 "s"
   239 1996  6 30 "r"
   240 1996  7  7 "s"
   241 1996  7 14 "s"
   242 1996  7 21 "p"
   243 1996  7 28 "r"
   244 1996  8  4 "p"
   245 1996  8 11 "p"
   246 1996  8 18 "s"
   247 1996  8 25 "s"
   248 1996  9  1 "r"
   249 1996  9  8 "p"
   250 1996  9 15 "r"
   251 1996  9 22 "r"
   252 1996  9 29 "s"
   253 1996 10 13 "p"
   254 1996 10 27 "s"
   255 1996 11  3 "r"
   256 1996 11 10 "r"
   257 1996 11 17 "p"
   258 1996 11 24 "s"
   259 1996 12  1 "p"
   260 1996 12  8 "p"
   261 1996 12 15 "r"
   262 1996 12 22 "r"
   263 1996 12 29 "s"
   264 1997  1  5 "s"
   265 1997  1 12 "r"
   266 1997  1 19 "p"
   267 1997  1 26 "s"
   268 1997  2  2 "p"
   269 1997  2  9 "r"
   270 1997  2 16 "p"
   271 1997  2 23 "s"
   272 1997  3  2 "r"
   273 1997  3  9 "s"
   274 1997  3 16 "r"
   275 1997  3 23 "p"
   276 1997  3 30 "p"
   277 1997  4  6 "s"
   278 1997  4 13 "r"
   279 1997  4 20 "s"
   280 1997  4 27 "p"
   281 1997  5  4 "p"
   282 1997  5 11 "r"
   283 1997  5 18 "s"
   284 1997  5 25 "p"
   285 1997  6  1 "s"
   286 1997  6  8 "r"
   287 1997  6 15 "r"
   288 1997  6 22 "p"
   289 1997  6 29 "s"
   290 1997  7  6 "s"
   291 1997  7 13 "r"
   292 1997  7 20 "p"
   293 1997  8  3 "r"
   294 1997  8 10 "s"
   295 1997  8 17 "r"
   296 1997  8 24 "p"
   297 1997  8 31 "p"
   298 1997  9  7 "s"
   299 1997  9 14 "r"
   300 1997  9 21 "s"
   301 1997  9 28 "p"
   302 1997 10  5 "s"
   303 1997 10 12 "s"
   304 1997 10 19 "r"
   305 1997 10 26 "p"
   306 1997 11  2 "s"
   307 1997 11  9 "r"
   308 1997 11 16 "s"
   309 1997 11 23 "p"
   310 1997 11 30 "r"
   311 1997 12  7 "r"
   312 1997 12 14 "p"
   313 1997 12 21 "s"
   314 1997 12 28 "p"
   315 1998  1  4 "s"
   316 1998  1 11 "r"
   317 1998  1 18 "p"
   318 1998  1 25 "p"
   319 1998  2  1 "r"
   320 1998  2  8 "s"
   321 1998  2 15 "s"
   322 1998  2 22 "r"
   323 1998  3  1 "p"
   324 1998  3  8 "p"
   325 1998  3 15 "s"
   326 1998  3 22 "r"
   327 1998  3 29 "p"
   328 1998  4  5 "s"
   329 1998  4 12 "s"
   330 1998  4 19 "r"
   331 1998  4 26 "p"
   332 1998  5  3 "s"
   333 1998  5 10 "p"
   334 1998  5 17 "r"
   335 1998  5 24 "r"
   336 1998  5 31 "s"
   337 1998  6  7 "p"
   338 1998  6 14 "s"
   339 1998  6 21 "r"
   340 1998  6 28 "p"
   341 1998  7  5 "s"
   342 1998  7 12 "p"
   343 1998  7 19 "s"
   344 1998  7 26 "r"
   345 1998  8  2 "r"
   346 1998  8  9 "p"
   347 1998  8 16 "s"
   348 1998  8 23 "p"
   349 1998  8 30 "r"
   350 1998  9  6 "s"
   351 1998  9 13 "p"
   352 1998  9 20 "p"
   353 1998  9 27 "s"
   354 1998 10  4 "s"
   355 1998 10 11 "r"
   356 1998 10 18 "p"
   357 1998 10 25 "s"
   358 1998 11  1 "p"
   359 1998 11  8 "r"
   360 1998 11 15 "r"
   361 1998 11 22 "s"
   362 1998 11 29 "p"
   363 1998 12  6 "s"
   364 1998 12 13 "p"
   365 1998 12 20 "r"
   366 1998 12 27 "p"
   367 1999  1 10 "s"
   368 1999  1 17 "s"
   369 1999  1 24 "r"
   370 1999  1 31 "p"
   371 1999  2  7 "r"
   372 1999  2 14 "s"
   373 1999  2 21 "p"
   374 1999  2 28 "s"
   375 1999  3  7 "r"
   376 1999  3 14 "r"
   377 1999  3 21 "p"
   378 1999  3 28 "s"
   379 1999  4  4 "r"
   380 1999  4 11 "s"
   381 1999  4 18 "r"
   382 1999  4 25 "r"
   383 1999  5  2 "p"
   384 1999  5  9 "p"
   385 1999  5 16 "s"
   386 1999  5 23 "r"
   387 1999  5 30 "p"
   388 1999  6  6 "r"
   389 1999  6 13 "s"
   390 1999  6 20 "r"
   391 1999  6 27 "p"
   392 1999  7  4 "p"
   393 1999  7 11 "p"
   394 1999  7 18 "s"
   395 1999  7 25 "r"
   396 1999  8  1 "p"
   397 1999  8  8 "s"
   398 1999  8 15 "r"
   399 1999  8 22 "s"
   400 1999  8 29 "s"
   401 1999  9  5 "s"
   402 1999  9 12 "p"
   403 1999  9 19 "r"
   404 1999  9 26 "r"
   405 1999 10  3 "p"
   406 1999 10 10 "r"
   407 1999 10 17 "p"
   408 1999 10 31 "s"
   409 1999 11  7 "s"
   410 1999 11 14 "p"
   411 1999 11 21 "p"
   412 1999 11 28 "r"
   413 1999 12  5 "s"
   414 1999 12 12 "r"
   415 1999 12 19 "r"
   416 1999 12 26 "s" # "カツオ"
   417 2000  1  9 "s"
   418 2000  1 23 "p"
   419 2000  1 30 "r"
   420 2000  2  6 "r"
   421 2000  2 13 "s"
   422 2000  2 20 "p"
   423 2000  2 27 "p"
   424 2000  3  5 "r"
   425 2000  3 12 "s"
   426 2000  3 19 "p"
   427 2000  3 26 "r"
   428 2000  4  2 "s"
   429 2000  4  9 "s"
   430 2000  4 16 "r"
   431 2000  4 23 "s"
   432 2000  4 30 "p"
   433 2000  5  7 "r"
   434 2000  5 14 "s"
   435 2000  5 21 "r"
   436 2000  5 28 "r"
   437 2000  6  4 "s"
   438 2000  6 11 "p"
   439 2000  6 18 "r"
   440 2000  6 25 "s"
   441 2000  7  2 "s"
   442 2000  7  9 "s"
   443 2000  7 16 "p"
   444 2000  7 23 "p"
   445 2000  7 30 "s"
   446 2000  8  6 "s"
   447 2000  8 13 "p"
   448 2000  8 20 "r"
   449 2000  8 27 "p"
   450 2000  9  3 "r"
   451 2000  9 10 "s"
   452 2000  9 17 "s"
   453 2000  9 24 "p"
   454 2000 10  1 "p"
   455 2000 10  8 "r"
   456 2000 10 15 "r"
   457 2000 10 22 "p"
   458 2000 10 29 "s"
   459 2000 11  5 "s"
   460 2000 11 12 "p"
   461 2000 11 19 "s"
   462 2000 11 26 "p"
   463 2000 12  3 "r"
   464 2000 12 10 "p"
   465 2000 12 17 "s"
   466 2000 12 24 "s"
   467 2000 12 31 "p"
   468 2001  1  7 "s"
   469 2001  1 14 "p"
   470 2001  1 21 "r"
   471 2001  1 28 "r"
   472 2001  2  4 "s"
   473 2001  2 11 "s"
   474 2001  2 18 "s"
   475 2001  2 25 "r"
   476 2001  3  4 "s"
   477 2001  3 11 "p"
   478 2001  3 18 "s"
   479 2001  3 25 "r"
   480 2001  4  1 "s"
   481 2001  4  8 "p"
   482 2001  4 15 "r"
   483 2001  4 22 "r"
   484 2001  4 29 "p"
   485 2001  5  6 "s"
   486 2001  5 13 "p"
   487 2001  5 20 "r"
   488 2001  5 27 "p"
   489 2001  6  3 "r"
   490 2001  6 10 "r"
   491 2001  6 17 "s"
   492 2001  6 24 "s"
   493 2001  7  1 "p"
   494 2001  7  8 "r"
   495 2001  7 15 "p"
   496 2001  7 22 "s"
   497 2001  7 29 "p"
   498 2001  8  5 "s"
   499 2001  8 12 "r"
   500 2001  8 19 "r"
   501 2001  8 26 "p"
   502 2001  9  2 "s"
   503 2001  9  9 "p"
   504 2001  9 16 "p"
   505 2001  9 23 "s"
   506 2001 10  7 "s"
   507 2001 10 14 "r"
   508 2001 10 21 "s"
   509 2001 10 28 "p"
   510 2001 11  4 "s"
   511 2001 11 11 "r"
   512 2001 11 18 "r"
   513 2001 11 25 "p"
   514 2001 12  2 "s"
   515 2001 12  9 "p"
   516 2001 12 16 "s"
   517 2001 12 23 "r"
   518 2001 12 30 "p"
   519 2002  1  6 "s"
   520 2002  1 13 "s"
   521 2002  1 27 "p"
   522 2002  2  3 "r"
   523 2002  2 10 "s"
   524 2002  2 17 "p"
   525 2002  2 24 "r"
   526 2002  3  3 "r"
   527 2002  3 10 "s"
   528 2002  3 17 "r"
   529 2002  3 24 "p"
   530 2002  3 31 "r"
   531 2002  4  7 "s"
   532 2002  4 14 "s"
   533 2002  4 21 "r"
   534 2002  4 28 "p"
   535 2002  5  5 "s"
   536 2002  5 12 "p"
   537 2002  5 19 "r"
   538 2002  5 26 "s"
   539 2002  6  2 "s"
   540 2002  6  9 "p"
   541 2002  6 16 "r"
   542 2002  6 23 "s"
   543 2002  6 30 "p"
   544 2002  7  7 "s"
   545 2002  7 14 "s"
   546 2002  7 21 "r"
   547 2002  7 28 "p"
   548 2002  8  4 "s"
   549 2002  8 11 "r"
   550 2002  8 18 "r"
   551 2002  8 25 "p"
   552 2002  9  1 "r"
   553 2002  9  8 "s"
   554 2002  9 15 "r"
   555 2002  9 22 "r"
   556 2002 10  6 "s"
   557 2002 10 13 "s"
   558 2002 10 20 "p"
   559 2002 10 27 "r"
   560 2002 11  3 "r"
   561 2002 11 10 "s"
   562 2002 11 17 "p"
   563 2002 11 24 "r"
   564 2002 12  1 "s"
   565 2002 12  8 "p"
   566 2002 12 15 "p"
   567 2002 12 22 "r"
   568 2002 12 29 "s"
   569 2003  1  5 "s"
   570 2003  1 19 "p"
   571 2003  1 26 "r"
   572 2003  2  2 "p"
   573 2003  2  9 "s"
   574 2003  2 16 "p"
   575 2003  2 23 "s"
   576 2003  3  2 "r"
   577 2003  3  9 "p"
   578 2003  3 16 "s"
   579 2003  3 23 "s"
   580 2003  3 30 "r"
   581 2003  4  6 "s"
   582 2003  4 13 "s"
   583 2003  4 20 "p"
   584 2003  4 27 "p"
   585 2003  5  4 "r"
   586 2003  5 11 "r"
   587 2003  5 18 "r"
   588 2003  5 25 "s"
   589 2003  6  1 "p"
   590 2003  6  8 "s"
   591 2003  6 15 "p"
   592 2003  6 22 "p"
   593 2003  6 29 "r"
   594 2003  7  6 "s"
   595 2003  7 13 "r"
   596 2003  7 20 "p"
   597 2003  7 27 "p"
   598 2003  8  3 "s"
   599 2003  8 10 "p"
   600 2003  8 17 "p"
   601 2003  8 24 "p"
   602 2003  8 31 "s"
   603 2003  9  7 "r"
   604 2003  9 14 "r"
   605 2003  9 21 "r"
   606 2003  9 28 "p"
   607 2003 10  5 "s"
   608 2003 10 12 "r"
   609 2003 10 19 "p"
   610 2003 10 26 "p"
   611 2003 11  2 "s"
   612 2003 11  9 "s"
   613 2003 11 23 "r"
   614 2003 11 30 "s"
   615 2003 12  7 "p"
   616 2003 12 14 "p"
   617 2003 12 21 "r"
   618 2003 12 28 "p"
   619 2004  1  4 "s"
   620 2004  1 11 "s"
   621 2004  1 18 "p"
   622 2004  1 25 "p"
   623 2004  2  1 "s"
   624 2004  2  8 "r"
   625 2004  2 15 "s"
   626 2004  2 22 "r"
   627 2004  2 29 "r"
   628 2004  3  7 "p"
   629 2004  3 14 "p"
   630 2004  3 21 "s"
   631 2004  3 28 "p"
   632 2004  4  4 "s"
   633 2004  4 11 "s"
   634 2004  4 18 "r"
   635 2004  4 25 "p"
   636 2004  5  2 "r"
   637 2004  5  9 "s"
   638 2004  5 16 "p"
   639 2004  5 23 "r"
   640 2004  5 30 "r"
   641 2004  6  6 "s"
   642 2004  6 13 "p"
   643 2004  6 20 "r"
   644 2004  6 27 "p"
   645 2004  7  4 "s"
   646 2004  7 11 "p"
   647 2004  7 18 "p"
   648 2004  7 25 "s"
   649 2004  8  1 "r"
   650 2004  8  8 "p"
   651 2004  8 22 "r"
   652 2004  8 29 "r"
   653 2004  9  5 "s"
   654 2004  9 12 "p"
   655 2004  9 19 "r"
   656 2004  9 26 "r"
   657 2004 10  3 "s"
   658 2004 10 10 "s"
   659 2004 10 31 "p"
   660 2004 11  7 "r"
   661 2004 11 14 "r"
   662 2004 11 21 "r"
   663 2004 11 28 "r"
   664 2004 12  5 "s"
   665 2004 12 12 "p"
   666 2004 12 19 "s"
   667 2004 12 26 "r"
   668 2005  1 16 "s"
   669 2005  1 23 "p"
   670 2005  1 30 "p"
   671 2005  2  6 "s"
   672 2005  2 13 "p"
   673 2005  2 20 "r"
   674 2005  2 27 "r"
   675 2005  3  6 "p"
   676 2005  3 13 "s"
   677 2005  3 20 "p"
   678 2005  3 27 "s"
   679 2005  4  3 "s"
   680 2005  4 10 "r"
   681 2005  4 17 "p"
   682 2005  4 24 "r"
   683 2005  5  1 "s"
   684 2005  5  8 "s"
   685 2005  5 15 "r"
   686 2005  5 22 "p"
   687 2005  5 29 "p"
   688 2005  6  5 "p"
   689 2005  6 12 "r"
   690 2005  6 19 "s"
   691 2005  6 26 "r"
   692 2005  7  3 "s"
   693 2005  7 10 "r"
   694 2005  7 17 "p"
   695 2005  7 24 "s"
   696 2005  7 31 "s"
   697 2005  8  7 "p"
   698 2005  8 14 "s"
   699 2005  8 21 "s"
   700 2005  8 28 "r"
   701 2005  9  4 "r"
   702 2005  9 11 "s"
   703 2005  9 18 "p"
   704 2005 10  2 "s"
   705 2005 10  9 "r"
   706 2005 10 16 "p"
   707 2005 10 23 "s"
   708 2005 10 30 "r"
   709 2005 11  6 "p"
   710 2005 11 13 "s"
   711 2005 11 20 "p"
   712 2005 11 27 "p"
   713 2005 12  4 "r"
   714 2005 12 11 "r"
   715 2005 12 18 "s"
   716 2005 12 25 "p"
   717 2006  1  8 "s"
   718 2006  1 15 "s"
   719 2006  1 22 "r"
   720 2006  1 29 "p"
   721 2006  2  5 "s"
   722 2006  2 19 "p"
   723 2006  2 26 "r"
   724 2006  3  5 "r"
   725 2006  3 12 "r"
   726 2006  3 19 "s"
   727 2006  3 26 "p"
   728 2006  4  2 "s"
   729 2006  4  9 "p"
   730 2006  4 16 "r"
   731 2006  4 23 "p"
   732 2006  4 30 "s"
   733 2006  5  7 "p"
   734 2006  5 14 "p"
   735 2006  5 21 "s"
   736 2006  5 28 "r"
   737 2006  6  4 "s"
   738 2006  6 11 "p"
   739 2006  6 18 "p"
   740 2006  6 25 "r"
   741 2006  7  2 "s"
   742 2006  7  9 "r"
   743 2006  7 16 "s"
   744 2006  7 23 "p"
   745 2006  7 30 "s"
   746 2006  8  6 "s"
   747 2006  8 13 "p"
   748 2006  8 20 "r"
   749 2006  8 27 "p"
   750 2006  9  3 "s"
   751 2006  9 10 "p"
   752 2006  9 17 "s"
   753 2006  9 24 "s"
   754 2006 10  1 "r"
   755 2006 10  8 "p"
   756 2006 10 15 "p"
   757 2006 10 29 "r"
   758 2006 11  5 "s"
   759 2006 11 12 "r"
   760 2006 11 19 "p"
   761 2006 11 26 "r"
   762 2006 12  3 "s"
   763 2006 12 10 "r"
   764 2006 12 17 "r"
   765 2006 12 24 "p"
   766 2006 12 31 "s"
   767 2007  1  7 "s"
   768 2007  1 14 "p"
   769 2007  1 21 "r"
   770 2007  1 28 "r"
   771 2007  2  4 "s"
   772 2007  2 11 "r"
   773 2007  2 18 "s"
   774 2007  2 25 "p"
   775 2007  3  4 "s"
   776 2007  3 11 "s"
   777 2007  3 18 "r"
   778 2007  3 25 "r"
   779 2007  4  1 "s"
   780 2007  4  8 "r"
   781 2007  4 15 "p"
   782 2007  4 22 "p"
   783 2007  4 29 "s"
   784 2007  5  6 "r"
   785 2007  5 13 "r"
   786 2007  5 20 "p"
   787 2007  5 27 "p"
   788 2007  6  3 "r"
   789 2007  6 10 "s"
   790 2007  6 17 "s"
   791 2007  6 24 "r"
   792 2007  7  1 "p"
   793 2007  7  8 "r"
   794 2007  7 15 "r"
   795 2007  7 22 "s"
   796 2007  7 29 "s"
   797 2007  8  5 "p"
   798 2007  8 12 "p"
   799 2007  8 19 "s"
   800 2007  8 26 "r"
   801 2007  9  2 "p"
   802 2007  9  9 "r"
   803 2007  9 16 "s"
   804 2007  9 23 "p"
   805 2007  9 30 "s"
   806 2007 10  7 "r"
   807 2007 10 14 "r"
   808 2007 10 21 "s"
   809 2007 10 28 "p"
   810 2007 11  4 "s"
   811 2007 11 11 "p"
   812 2007 11 18 "r"
   813 2007 11 25 "p"
   814 2007 12  2 "s"
   815 2007 12  9 "s"
   816 2007 12 16 "r"
   817 2007 12 23 "r"
   818 2008  1  6 "s"
   819 2008  1 13 "p"
   820 2008  1 20 "s"
   821 2008  1 27 "r"
   822 2008  2  3 "p"
   823 2008  2 10 "s"
   824 2008  2 17 "p"
   825 2008  2 24 "s"
   826 2008  3  2 "r"
   827 2008  3  9 "p"
   828 2008  3 16 "s"
   829 2008  3 23 "p"
   830 2008  3 30 "r"
   831 2008  4  6 "r"
   832 2008  4 13 "p"
   833 2008  4 20 "s"
   834 2008  4 27 "s"
   835 2008  5  4 "r"
   836 2008  5 11 "p"
   837 2008  5 18 "s"
   838 2008  5 25 "p"
   839 2008  6  1 "s"
   840 2008  6  8 "r"
   841 2008  6 15 "s"
   842 2008  6 22 "r"
   843 2008  6 29 "p"
   844 2008  7  6 "s"
   845 2008  7 13 "r"
   846 2008  7 20 "s"
   847 2008  7 27 "p"
   848 2008  8  3 "s"
   849 2008  8 17 "r"
   850 2008  8 24 "p"
   851 2008  8 31 "s"
   852 2008  9  7 "r"
   853 2008  9 14 "s"
   854 2008  9 21 "p"
   855 2008  9 28 "r"
   856 2008 10  5 "s"
   857 2008 10 12 "r"
   858 2008 10 19 "p"
   859 2008 10 26 "p"
   860 2008 11  2 "s"
   861 2008 11  9 "s"
   862 2008 11 16 "s"
   863 2008 11 23 "p"
   864 2008 11 30 "s"
   865 2008 12  7 "r"
   866 2008 12 14 "s"
   867 2008 12 21 "p"
   868 2008 12 28 "r"
   869 2009  1  4 "s"
   870 2009  1 11 "s"
   871 2009  1 18 "p"
   872 2009  1 25 "p"
   873 2009  2  1 "r"
   874 2009  2  8 "s"
   875 2009  2 15 "r"
   876 2009  2 22 "s"
   877 2009  3  1 "p"
   878 2009  3  8 "p"
   879 2009  3 15 "r"
   880 2009  3 29 "r"
   881 2009  4  5 "s"
   882 2009  4 12 "p"
   883 2009  4 19 "r"
   884 2009  4 26 "p"
   885 2009  5  3 "p"
   886 2009  5 10 "s"
   887 2009  5 17 "r"
   888 2009  5 24 "s"
   889 2009  5 31 "p"
   890 2009  6  7 "r"
   891 2009  6 14 "r"
   892 2009  6 21 "s"
   893 2009  6 28 "p"
   894 2009  7  5 "s"
   895 2009  7 12 "p"
   896 2009  7 19 "r"
   897 2009  7 26 "s"
   898 2009  8  2 "p"
   899 2009  8  9 "r"
   900 2009  8 16 "p"
   901 2009  8 23 "p"
   902 2009  8 30 "s"
   903 2009  9  6 "r"
   904 2009  9 13 "s"
   905 2009  9 20 "p"
   906 2009  9 27 "r"
   907 2009 10  4 "s"
   908 2009 10 11 "s"
   909 2009 10 18 "p"
   910 2009 10 25 "r"
   911 2009 11  8 "s"
   912 2009 11 15 "s" # "観月ありさ"
   913 2009 11 22 "p"
   914 2009 11 29 "p"
   915 2009 12  6 "r"
   916 2009 12 13 "r"
   917 2009 12 20 "s"
   918 2009 12 27 "p"
   919 2010  1 10 "s"
   920 2010  1 17 "r"
   921 2010  1 24 "p"
   922 2010  2  7 "s"
   923 2010  2 14 "r"
   924 2010  2 21 "p"
   925 2010  2 28 "p"
   926 2010  3  7 "r"
   927 2010  3 14 "s"
   928 2010  3 21 "s"
   929 2010  3 28 "p"
   930 2010  4  4 "r"
   931 2010  4 11 "r"
   932 2010  4 18 "s"
   933 2010  4 25 "p"
   934 2010  5  2 "s"
   935 2010  5  9 "p"
   936 2010  5 16 "r"
   937 2010  5 23 "p"
   938 2010  5 30 "r"
   939 2010  6  6 "s"
   940 2010  6 13 "r"
   941 2010  6 20 "s"
   942 2010  6 27 "p"
   943 2010  7  4 "s"
   944 2010  7 11 "r"
   945 2010  7 18 "p"
   946 2010  7 25 "s"
   947 2010  8  1 "p"
   948 2010  8  8 "s" # "観月ありさ"
   949 2010  8 15 "r"
   950 2010  8 22 "p"
   951 2010  8 29 "s"
   952 2010  9 12 "r"
   953 2010  9 19 "r"
   954 2010  9 26 "p"
   955 2010 10  3 "s"
   956 2010 10 10 "p"
   957 2010 10 17 "p"
   958 2010 10 24 "r"
   959 2010 10 31 "s"
   960 2010 11 14 "s"
   961 2010 11 21 "p"
   962 2010 11 28 "r"
   963 2010 12  5 "r"
   964 2010 12 12 "s"
   965 2010 12 19 "p"
   966 2010 12 26 "p"
   967 2011  1  2 "s" # "観月ありさ"
   968 2011  1  9 "r"
   969 2011  1 16 "p"
   970 2011  1 23 "p"
   971 2011  1 30 "r"
   972 2011  2  6 "s"
   973 2011  2 13 "r"
   974 2011  2 20 "p"
   975 2011  2 27 "s"
   976 2011  3  6 "r"
   977 2011  3 20 "p"
   978 2011  3 27 "r"
   979 2011  4  3 "s"
   980 2011  4 10 "s"
   981 2011  4 17 "p"
   982 2011  4 24 "r"
   983 2011  5  1 "s"
   984 2011  5  8 "p"
   985 2011  5 15 "p"
   986 2011  5 22 "r"
   987 2011  5 29 "r"
   988 2011  6  5 "s"
   989 2011  6 12 "p"
   990 2011  6 19 "p"
   991 2011  6 26 "r"
   992 2011  7  3 "s"
   993 2011  7 10 "r"
   994 2011  7 17 "p"
   995 2011  7 24 "s"
   996 2011  7 31 "r"
   997 2011  8  7 "s"
   998 2011  8 14 "r"
   999 2011  8 21 "p"
  1000 2011  8 28 "p"
  1001 2011  9  4 "s"
  1002 2011  9 11 "r"
  1003 2011  9 18 "p"
  1004 2011  9 25 "r"
  1005 2011 10  2 "s"
  1006 2011 10  9 "r"
  1007 2011 10 16 "s"
  1008 2011 10 23 "p"
  1009 2011 10 30 "r"
  1010 2011 11  6 "r"
  1011 2011 11 13 "s"
  1012 2011 11 20 "p"
  1013 2011 11 27 "p"
  1014 2011 12  4 "s"
  1015 2011 12 11 "r"
  1016 2011 12 18 "p"
  1017 2011 12 25 "p"
  1018 2012  1  8 "s"
  1019 2012  1 15 "r"
  1020 2012  1 22 "r"
  1021 2012  1 29 "s"
  1022 2012  2  5 "p"
  1023 2012  2 19 "p"
  1024 2012  2 26 "r"
  1025 2012  3  4 "s"
  1026 2012  3 11 "r"
  1027 2012  3 18 "p"
  1028 2012  3 25 "p"
  1029 2012  4  1 "s"
  1030 2012  4  8 "r"
  1031 2012  4 15 "p"
  1032 2012  4 22 "p"
  1033 2012  4 29 "s"
  1034 2012  5  6 "r"
  1035 2012  5 13 "s"
  1036 2012  5 20 "p"
  1037 2012  5 27 "r"
  1038 2012  6  3 "p"
  1039 2012  6 10 "s"
  1040 2012  6 17 "r"
  1041 2012  6 24 "p"
  1042 2012  7  1 "s"
  1043 2012  7  8 "p"
  1044 2012  7 15 "s"
  1045 2012  7 22 "s"
  1046 2012  7 29 "r"
  1047 2012  8 12 "r"
  1048 2012  8 19 "p"
  1049 2012  8 26 "p"
  1050 2012  9  2 "s"
  1051 2012  9  9 "r"
  1052 2012  9 16 "p"
  1053 2012  9 23 "p"
  1054 2012  9 30 "r"
  1055 2012 10  7 "s"
  1056 2012 10 14 "s"
  1057 2012 10 21 "p"
  1058 2012 10 28 "r"
  1059 2012 11  4 "r"
  1060 2012 11 11 "p"
  1061 2012 11 18 "s"
  1062 2012 11 25 "p"
  1063 2012 12  2 "s"
  1064 2012 12  9 "r"
  1065 2012 12 23 "s"
  1066 2012 12 30 "p"
  1067 2013  1  6 "s"
  1068 2013  1 13 "r"
  1069 2013  1 20 "r"
  1070 2013  1 27 "p"
  1071 2013  2  3 "s"
  1072 2013  2 10 "r"
  1073 2013  2 17 "p"
  1074 2013  2 24 "p"
  1075 2013  3  3 "s"
  1076 2013  3 10 "r"
  1077 2013  3 17 "s"
  1078 2013  3 24 "r"
  1079 2013  3 31 "p"
  1080 2013  4  7 "s"
  1081 2013  4 14 "p"
  1082 2013  4 21 "s"
  1083 2013  4 28 "p"
  1084 2013  5  5 "p"
  1085 2013  5 12 "s"
  1086 2013  5 19 "r"
  1087 2013  5 26 "r"
  1088 2013  6  2 "s"
  1089 2013  6  9 "p"
  1090 2013  6 16 "r"
  1091 2013  6 23 "s"
  1092 2013  6 30 "p"
  1093 2013  7  7 "s"
  1094 2013  7 14 "p"
  1095 2013  7 21 "r"
  1096 2013  7 28 "r"
  1097 2013  8  4 "s"
  1098 2013  8 11 "p"
  1099 2013  8 25 "p"
  1100 2013  9  1 "s"
  1101 2013  9  8 "r"
  1102 2013  9 15 "s"
  1103 2013  9 22 "p"
  1104 2013  9 29 "p"
  1105 2013 10  6 "s"
  1106 2013 10 13 "r"
  1107 2013 10 20 "r"
  1108 2013 10 27 "p"
  1109 2013 11  3 "s"
  1110 2013 11 10 "s"
  1111 2013 11 17 "p"
  1112 2013 11 24 "r"
  1113 2013 12  1 "r" # "1回目"
  1114 2013 12  1 "s" # "2回目 観月ありさ"
  1115 2013 12  8 "p"
  1116 2013 12 15 "p"
  1117 2013 12 22 "s"
  1118 2014  1  5 "s"
  1119 2014  1 12 "r"
  1120 2014  1 19 "p"
  1121 2014  1 26 "r"
  1122 2014  2  2 "s"
  1123 2014  2  9 "p"
  1124 2014  2 16 "s"
  1125 2014  2 23 "r"
  1126 2014  3  2 "r"
  1127 2014  3  9 "p"
  1128 2014  3 16 "s"
  1129 2014  3 23 "p"
  1130 2014  3 30 "r"
  1131 2014  4  6 "s"
  1132 2014  4 13 "r"
  1133 2014  4 20 "r"
  1134 2014  4 27 "p"
  1135 2014  5  4 "s"
  1136 2014  5 11 "p"
  1137 2014  5 18 "r"
  1138 2014  5 25 "p"
  1139 2014  6  1 "s"
  1140 2014  6  8 "p"
  1141 2014  6 15 "r"
  1142 2014  6 22 "s"
  1143 2014  6 29 "p"
  1144 2014  7  6 "s"
  1145 2014  7 13 "r"
  1146 2014  7 20 "s"
  1147 2014  7 27 "s"
  1148 2014  8  3 "p"
  1149 2014  8 10 "r"
  1150 2014  8 17 "p"
  1151 2014  8 24 "s"
  1152 2014  8 31 "p"
  1153 2014  9  7 "r"
  1154 2014  9 14 "s"
  1155 2014  9 21 "p"
  1156 2014  9 28 "p"
  1157 2014 10  5 "s"
  1158 2014 10 12 "r"
  1159 2014 10 19 "r"
  1160 2014 10 26 "s"
  1161 2014 11  2 "p"
  1162 2014 11  9 "r"
  1163 2014 11 16 "p"
  1164 2014 11 23 "s"
  1165 2014 11 30 "r"
  1166 2014 12  7 "s"
  1167 2014 12 21 "p"
  1168 2014 12 28 "r"
  1169 2015  1  4 "s"
  1170 2015  1 11 "s"
  1171 2015  1 18 "r"
  1172 2015  2  1 "p"
  1173 2015  2  8 "p"
  1174 2015  2 15 "s"
  1175 2015  2 22 "r"
  1176 2015  3  1 "s"
  1177 2015  3  8 "p"
  1178 2015  3 15 "r"
  1179 2015  3 22 "s"
  1180 2015  3 29 "r"
  1181 2015  4  5 "s"
  1182 2015  4 12 "p"
  1183 2015  4 19 "r"
  1184 2015  4 26 "r"
  1185 2015  5  3 "s"
  1186 2015  5 10 "p"
  1187 2015  5 17 "r"
  1188 2015  5 24 "p"
  1189 2015  5 31 "s"
  1190 2015  6  7 "r"
  1191 2015  6 14 "s"
  1192 2015  6 21 "p"
  1193 2015  6 28 "p"
  1194 2015  7  5 "s"
  1195 2015  7 12 "r"
  1196 2015  7 19 "s"
  1197 2015  7 26 "s"
  1198 2015  8  2 "p"
  1199 2015  8  9 "r"
  1200 2015  8 16 "r"
  1201 2015  8 23 "p"
  1202 2015  8 30 "s"
  1203 2015  9  6 "r"
  1204 2015  9 13 "s"
  1205 2015  9 20 "p"
  1206 2015  9 27 "r"
  1207 2015 10  4 "s"
  1208 2015 10 11 "r"
  1209 2015 10 18 "p"
  1210 2015 10 25 "p"
  1211 2015 11  1 "s"
  1212 2015 11  8 "r"
  1213 2015 11 15 "r"
  1214 2015 11 22 "p"
  1215 2015 11 29 "s"
  1216 2015 12  6 "r"
  1217 2015 12 13 "p"
  1218 2015 12 20 "p"
  1219 2016  1 10 "s"
  1220 2016  1 17 "r"
  1221 2016  1 24 "s"
  1222 2016  1 31 "r"
  1223 2016  2  7 "p"
  1224 2016  2 14 "s"
  1225 2016  2 21 "s"
  1226 2016  2 28 "r"
  1227 2016  3  6 "p"
  1228 2016  3 13 "p"
  1229 2016  3 20 "r"
  1230 2016  3 27 "s"
  1231 2016  4  3 "p"
  1232 2016  4 10 "r"
  1233 2016  4 17 "r"
  1234 2016  4 24 "s"
  1235 2016  5  1 "s"
  1236 2016  5  8 "p"
  1237 2016  5 15 "p"
  1238 2016  5 22 "r"
  1239 2016  5 29 "p"
  1240 2016  6  5 "s"
  1241 2016  6 12 "r"
  1242 2016  6 19 "p"
  1243 2016  6 26 "r"
  1244 2016  7  3 "s"
  1245 2016  7 10 "s"
  1246 2016  7 17 "p"
  1247 2016  7 24 "s"
  1248 2016  7 31 "r"
  1249 2016  8  7 "r"
  1250 2016  8 14 "s"
  1251 2016  8 21 "p"
  1252 2016  8 28 "s"
  1253 2016  9  4 "p"
  1254 2016  9 11 "r"
  1255 2016  9 18 "r"
  1256 2016  9 25 "p"
  1257 2016 10  2 "s"
  1258 2016 10  9 "r"
  1259 2016 10 16 "s"
  1260 2016 10 30 "p"
  1261 2016 11  6 "s"
  1262 2016 11 13 "r"
  1263 2016 11 20 "r"
  1264 2016 11 27 "p"
  1265 2016 12  4 "p"
  1266 2016 12 11 "s"
  1267 2016 12 18 "r"
  1268 2016 12 25 "p"
  1269 2017  1  8 "s"
  1270 2017  1 15 "s"
  1271 2017  1 22 "p"
  1272 2017  1 29 "r"
  1273 2017  2  5 "r"
  1274 2017  2 12 "p"
  1275 2017  2 19 "s"
  1276 2017  2 26 "s"
  1277 2017  3  5 "r"
  1278 2017  3 12 "p"
  1279 2017  3 26 "s"
  1280 2017  4  2 "s"
  1281 2017  4  9 "r"
  1282 2017  4 16 "p"
  1283 2017  4 23 "p"
  1284 2017  4 30 "s"
  1285 2017  5  7 "r"
  1286 2017  5 14 "p"
  1287 2017  5 21 "s"
  1288 2017  5 28 "r"
  1289 2017  6  4 "s"
  1290 2017  6 11 "p"
  1291 2017  6 18 "r"
  1292 2017  6 25 "r"
  1293 2017  7  2 "s"
  1294 2017  7  9 "p"
  1295 2017  7 16 "r"
  1296 2017  7 23 "p"
  1297 2017  7 30 "s"
  1298 2017  8  6 "p"
  1299 2017  8 13 "r"
  1300 2017  8 20 "s"
  1301 2017  8 27 "r"
  1302 2017  9  3 "p"
  1303 2017  9 10 "p"
  1304 2017  9 17 "s"
  1305 2017  9 24 "r"
  1306 2017 10  8 "s"
  1307 2017 10 15 "p"
  1308 2017 10 22 "r"
  1309 2017 11  5 "s"
  1310 2017 11 12 "s"
  1311 2017 11 19 "r"
  1312 2017 11 26 "p"
  1313 2017 12  3 "p"
  1314 2017 12 10 "s"
  1315 2017 12 17 "r"
  1316 2017 12 24 "p"
  1317 2018  1  7 "s"
  1318 2018  1 14 "r"
  1319 2018  1 21 "s"
  1320 2018  1 28 "r"
  1321 2018  2  4 "p"
  1322 2018  2 11 "r"
  1323 2018  2 18 "s"
  1324 2018  2 25 "s"
  1325 2018  3  4 "p"
  1326 2018  3 11 "r"
  1327 2018  3 18 "r"
  1328 2018  3 25 "s"
  1329 2018  4  1 "s"
  1330 2018  4  8 "r"
  1331 2018  4 15 "p"
  1332 2018  4 22 "p"
  1333 2018  4 29 "s"
  1334 2018  5  6 "r"
  1335 2018  5 13 "s"
  1336 2018  5 20 "p"
  1337 2018  5 27 "r"
  1338 2018  6  3 "s"
  1339 2018  6 10 "r"
  1340 2018  6 17 "p"
  1341 2018  6 24 "p"
  1342 2018  7  1 "s"
  1343 2018  7  8 "r"
  1344 2018  7 15 "p"
  1345 2018  7 22 "r"
  1346 2018  7 29 "s"
  1347 2018  8  5 "s"
  1348 2018  8 12 "p"
  1349 2018  8 19 "r"
  1350 2018  8 26 "r"
  1351 2018  9  2 "p"
  1352 2018  9  9 "s"
  1353 2018  9 16 "r"
  1354 2018  9 23 "s"
  1355 2018  9 30 "p"
  1356 2018 10  7 "s"
  1357 2018 10 14 "r"
  1358 2018 10 21 "p"
  1359 2018 11  4 "p"
  1360 2018 11 11 "s"
  1361 2018 11 18 "s"
  1362 2018 11 25 "r"
  1363 2018 12  2 "r"
  1364 2018 12  9 "p"
  1365 2018 12 16 "s"
  1366 2019  1  6 "s"
  1367 2019  1 13 "p"
  1368 2019  1 20 "r"
  1369 2019  1 27 "s"
  1370 2019  2  3 "r"
  1371 2019  2 10 "p"
  1372 2019  2 17 "p"
  1373 2019  2 24 "s"
  1374 2019  3  3 "s"
  1375 2019  3 10 "r"
  1376 2019  3 17 "s"
  1377 2019  3 24 "p"
  1378 2019  3 31 "r"
  1379 2019  4  7 "s"
  1380 2019  4 14 "s"
  1381 2019  4 21 "r"
  1382 2019  4 28 "p"
  1383 2019  5  5 "s"
  1384 2019  5 12 "p"
  1385 2019  5 19 "r"
  1386 2019  5 26 "r"
  1387 2019  6  2 "s"
  1388 2019  6  9 "p"
  1389 2019  6 16 "r"
  1390 2019  6 23 "s"
  1391 2019  6 30 "p"
  1392 2019  7  7 "s"
  1393 2019  7 14 "r"
  1394 2019  7 21 "s"
  1395 2019  7 28 "p"
  1396 2019  8  4 "p"
  1397 2019  8 11 "r"
  1398 2019  8 18 "s"
  1399 2019  8 25 "r"
  1400 2019  9  1 "s"
  1401 2019  9  8 "p"
  1402 2019  9 15 "r"
  1403 2019  9 22 "p"
  1404 2019  9 29 "s"
  1405 2019 10  6 "s"
  1406 2019 10 13 "r"
  1407 2019 10 20 "p"
  1408 2019 10 27 "r"
  1409 2019 11  3 "s"
  1410 2019 11 10 "p"
  1411 2019 11 17 "s"
  1412 2019 11 24 "s"
  1413 2019 12  1 "r"
  1414 2019 12  8 "p"
  1415 2019 12 15 "r"
  1416 2019 12 22 "s"
  1417 2019 12 29 "p"
  1418 2020  1  5 "s"
  1419 2020  1 12 "r"
  1420 2020  1 26 "p"
  1421 2020  2  2 "s"
  1422 2020  2  9 "p"
  1423 2020  2 16 "p"
  1424 2020  2 23 "r"
  1425 2020  3  1 "s"
  1426 2020  3  8 "r"
  1427 2020  3 15 "s"
  1428 2020  3 22 "p"
  1429 2020  3 29 "r"
  1430 2020  4  5 "s"
  1431 2020  4 12 "s"
  1432 2020  4 19 "p"
  1433 2020  4 26 "r"
  1434 2020  5  3 "s"
  1435 2020  5 10 "p"
  1436 2020  5 17 "p"
  1437 2020  5 24 "p"
  1438 2020  5 31 "p"
  1439 2020  6  7 "p"
  1440 2020  6 14 "s"
  1441 2020  6 21 "p"
  1442 2020  6 28 "r"
  1443 2020  7  5 "s"
